MEME version 4

ALPHABET= ACGT

strands: + -

Background letter frequencies
A 0.29 C 0.21 G 0.21 T 0.29

MOTIF Transfac.V$AHRHIF_Q6 AhR,

letter-probability matrix: alength= 4 w= 9 nsites= 47
0.127660 0.212766 0.255319 0.404255
0.425532 0.000000 0.574468 0.000000
0.021277 0.978723 0.000000 0.000000
0.000000 0.000000 1.000000 0.000000
0.000000 0.000000 0.000000 1.000000
0.000000 0.000000 1.000000 0.000000
0.276596 0.468085 0.106383 0.148936
0.106383 0.234043 0.531915 0.127660
0.191489 0.276596 0.361702 0.170213


MOTIF Transfac.V$AHR_01 AhR

letter-probability matrix: alength= 4 w= 18 nsites= 9
0.000000 0.666667 0.222222 0.111111
0.000000 0.666667 0.000000 0.333333
0.000000 0.555556 0.111111 0.333333
0.000000 0.777778 0.222222 0.000000
0.222222 0.333333 0.333333 0.111111
0.444444 0.000000 0.555556 0.000000
0.333333 0.111111 0.444444 0.111111
0.000000 0.555556 0.444444 0.000000
0.000000 0.000000 0.000000 1.000000
0.333333 0.222222 0.111111 0.333333
0.000000 0.000000 1.000000 0.000000
0.000000 1.000000 0.000000 0.000000
0.000000 0.000000 1.000000 0.000000
0.000000 0.000000 0.000000 1.000000
0.000000 0.000000 1.000000 0.000000
0.666667 0.111111 0.111111 0.111111
0.111111 0.333333 0.555556 0.000000
0.666667 0.000000 0.000000 0.333333


MOTIF Transfac.V$AHR_Q5 AhR

letter-probability matrix: alength= 4 w= 11 nsites= 25
0.080000 0.440000 0.240000 0.240000
0.040000 0.080000 0.200000 0.680000
0.160000 0.240000 0.200000 0.400000
0.000000 0.000000 1.000000 0.000000
0.000000 1.000000 0.000000 0.000000
0.000000 0.000000 1.000000 0.000000
0.000000 0.000000 0.000000 1.000000
0.000000 0.000000 1.000000 0.000000
0.360000 0.360000 0.080000 0.200000
0.160000 0.280000 0.440000 0.120000
0.280000 0.280000 0.200000 0.240000


MOTIF Transfac.V$AHR_Q6 AHR

letter-probability matrix: alength= 4 w= 6 nsites= 48
0.000000 1.000000 0.000000 0.000000
0.958333 0.041667 0.000000 0.000000
0.020833 0.979167 0.000000 0.000000
0.000000 0.000000 0.937500 0.062500
0.000000 0.895833 0.020833 0.083333
0.395833 0.208333 0.229167 0.166667


MOTIF Transfac.V$AIRE_01 AIRE

letter-probability matrix: alength= 4 w= 26 nsites= 32
0.281250 0.156250 0.031250 0.531250
0.250000 0.187500 0.000000 0.562500
0.406250 0.093750 0.156250 0.343750
0.218750 0.062500 0.312500 0.406250
0.218750 0.062500 0.312500 0.406250
0.500000 0.125000 0.031250 0.343750
0.375000 0.312500 0.093750 0.218750
0.250000 0.281250 0.062500 0.406250
0.187500 0.093750 0.156250 0.562500
0.000000 0.000000 1.000000 0.000000
0.000000 0.000000 1.000000 0.000000
0.343750 0.093750 0.000000 0.562500
0.375000 0.093750 0.031250 0.500000
0.375000 0.187500 0.187500 0.250000
0.343750 0.093750 0.187500 0.375000
0.375000 0.125000 0.156250 0.343750
0.406250 0.093750 0.093750 0.406250
0.312500 0.218750 0.062500 0.406250
0.000000 0.000000 1.000000 0.000000
0.000000 0.000000 1.000000 0.000000
0.343750 0.125000 0.156250 0.375000
0.093750 0.281250 0.187500 0.437500
0.437500 0.031250 0.187500 0.343750
0.468750 0.218750 0.062500 0.250000
0.531250 0.093750 0.031250 0.343750
0.281250 0.125000 0.156250 0.437500


MOTIF Transfac.V$AIRE_02 AIRE

letter-probability matrix: alength= 4 w= 25 nsites= 11
0.000000 0.272727 0.727273 0.000000
0.214286 0.214286 0.571429 0.000000
0.000000 0.000000 0.000000 1.000000
0.000000 0.000000 0.000000 1.000000
0.875000 0.062500 0.000000 0.062500
0.000000 0.000000 0.000000 1.000000
0.052632 0.000000 0.000000 0.947368
0.857143 0.000000 0.047619 0.095238
0.916667 0.041667 0.000000 0.041667
0.000000 0.038462 0.269231 0.692308
0.071429 0.071429 0.000000 0.857143
0.000000 0.000000 1.000000 0.000000
0.000000 0.000000 1.000000 0.000000
0.068966 0.000000 0.034483 0.896552
0.000000 0.034483 0.000000 0.965517
0.956522 0.000000 0.043478 0.000000
0.000000 0.052632 0.052632 0.894737
0.722222 0.111111 0.166667 0.000000
0.000000 0.055556 0.000000 0.944444
0.000000 0.000000 0.000000 1.000000
0.000000 0.058824 0.882353 0.058824
0.058824 0.058824 0.882353 0.000000
0.000000 0.166667 0.250000 0.583333
0.000000 0.100000 0.100000 0.800000
0.400000 0.000000 0.300000 0.300000


MOTIF Transfac.V$ALX1_05 Alx1

letter-probability matrix: alength= 4 w= 10 nsites= 48443
0.138864 0.266416 0.123031 0.471688
0.094769 0.470192 0.125857 0.309182
0.076449 0.266319 0.030277 0.626955
0.900329 0.013493 0.065493 0.020685
0.985796 0.003195 0.005840 0.005169
0.003372 0.005763 0.000838 0.990027
0.034955 0.049241 0.006383 0.909422
0.906478 0.033195 0.001422 0.058905
0.360292 0.190282 0.314941 0.134485
0.378396 0.291925 0.190447 0.139233


MOTIF Transfac.V$ALX1_06 Alx1

letter-probability matrix: alength= 4 w= 13 nsites= 35854
0.249986 0.329447 0.149941 0.270625
0.107149 0.047712 0.009440 0.835699
0.896933 0.007305 0.038325 0.057437
0.996083 0.001222 0.001889 0.000806
0.037054 0.156661 0.017834 0.788451
0.025542 0.351550 0.067725 0.555182
0.327021 0.211329 0.149523 0.312127
0.677135 0.099711 0.201898 0.021256
0.876005 0.029857 0.071416 0.022722
0.000638 0.003303 0.000777 0.995281
0.078146 0.057239 0.005939 0.858676
0.892912 0.010958 0.025925 0.070205
0.357495 0.245126 0.195565 0.201813


MOTIF Transfac.V$ALX1_07 ALX1

letter-probability matrix: alength= 4 w= 13 nsites= 4667
0.253053 0.256053 0.208914 0.281980
0.184423 0.090081 0.039677 0.685819
0.730817 0.036173 0.116192 0.116818
0.958316 0.014784 0.019097 0.007803
0.099663 0.260330 0.072708 0.567299
0.068954 0.343796 0.172223 0.415027
0.080862 0.334500 0.059495 0.525143
0.752499 0.055950 0.142373 0.049178
0.906214 0.032039 0.036117 0.025631
0.001268 0.010782 0.001268 0.986681
0.147740 0.069351 0.015941 0.766968
0.769370 0.020772 0.083416 0.126442
0.313759 0.215388 0.257394 0.213459


MOTIF Transfac.V$ALX3_01 Alx3

letter-probability matrix: alength= 4 w= 17 nsites= 20
0.300000 0.030000 0.130000 0.540000
0.370000 0.200000 0.240000 0.190000
0.410000 0.180000 0.160000 0.250000
0.535354 0.151515 0.232323 0.080808
0.040000 0.480000 0.010000 0.470000
0.000000 0.080808 0.000000 0.919192
0.990000 0.010000 0.000000 0.000000
0.990000 0.000000 0.010000 0.000000
0.000000 0.010000 0.000000 0.990000
0.000000 0.000000 0.010000 0.990000
0.919192 0.000000 0.080808 0.000000
0.470000 0.010000 0.480000 0.040000
0.080808 0.444444 0.050505 0.424242
0.070000 0.150000 0.100000 0.680000
0.240000 0.270000 0.340000 0.150000
0.430000 0.190000 0.140000 0.240000
0.260000 0.250000 0.290000 0.200000


MOTIF Transfac.V$ALX3_02 Alx3

letter-probability matrix: alength= 4 w= 17 nsites= 100
0.300000 0.030000 0.130000 0.540000
0.370000 0.200000 0.240000 0.190000
0.410000 0.180000 0.160000 0.250000
0.535354 0.151515 0.232323 0.080808
0.040000 0.480000 0.010000 0.470000
0.000000 0.080808 0.000000 0.919192
0.990000 0.010000 0.000000 0.000000
0.990000 0.000000 0.010000 0.000000
0.000000 0.010000 0.000000 0.990000
0.000000 0.000000 0.010000 0.990000
0.919192 0.000000 0.080808 0.000000
0.470000 0.010000 0.480000 0.040000
0.080808 0.444444 0.050505 0.424242
0.070000 0.150000 0.100000 0.680000
0.240000 0.270000 0.340000 0.150000
0.430000 0.190000 0.140000 0.240000
0.260000 0.250000 0.290000 0.200000


MOTIF Transfac.V$ALX3_03 ALX3

letter-probability matrix: alength= 4 w= 10 nsites= 7877
0.158817 0.275993 0.134823 0.430367
0.125317 0.431945 0.146013 0.296724
0.088066 0.373447 0.038265 0.500222
0.795898 0.051127 0.089421 0.063555
0.919566 0.037007 0.016460 0.026967
0.009461 0.008963 0.000996 0.980580
0.073045 0.076399 0.025047 0.825508
0.838871 0.047817 0.009265 0.104047
0.329736 0.212164 0.279964 0.178136
0.350305 0.310564 0.190833 0.148299


MOTIF Transfac.V$ALX3_04 ALX3

letter-probability matrix: alength= 4 w= 13 nsites= 4129
0.270041 0.326229 0.147736 0.255994
0.135458 0.066970 0.014419 0.783153
0.867956 0.009672 0.043734 0.078638
0.991593 0.003603 0.003123 0.001681
0.039437 0.166948 0.018404 0.775211
0.040026 0.369811 0.081116 0.509048
0.283430 0.229651 0.163033 0.323886
0.665909 0.116188 0.187513 0.030391
0.867227 0.035294 0.071429 0.026050
0.002396 0.006231 0.002157 0.989216
0.121980 0.070559 0.009472 0.797990
0.850608 0.020194 0.037297 0.091902
0.315407 0.276890 0.196705 0.210998


MOTIF Transfac.V$ALX4_01 Alx-4

letter-probability matrix: alength= 4 w= 13 nsites= 5
0.000000 1.000000 0.000000 0.000000
0.000000 1.000000 0.000000 0.000000
0.000000 0.000000 0.000000 1.000000
0.000000 0.000000 1.000000 0.000000
1.000000 0.000000 0.000000 0.000000
0.000000 0.000000 1.000000 0.000000
1.000000 0.000000 0.000000 0.000000
1.000000 0.000000 0.000000 0.000000
0.000000 0.000000 0.000000 1.000000
1.000000 0.000000 0.000000 0.000000
1.000000 0.000000 0.000000 0.000000
0.000000 0.000000 0.000000 1.000000
0.000000 1.000000 0.000000 0.000000


MOTIF Transfac.V$ALX4_02 Alx-4

letter-probability matrix: alength= 4 w= 17 nsites= 20
0.158416 0.584158 0.148515 0.108911
0.100000 0.240000 0.560000 0.100000
0.190000 0.440000 0.160000 0.210000
0.400000 0.150000 0.290000 0.160000
0.020202 0.343434 0.010101 0.626263
0.009901 0.079208 0.000000 0.910891
0.980198 0.009901 0.009901 0.000000
0.980000 0.000000 0.010000 0.010000
0.010000 0.010000 0.000000 0.980000
0.000000 0.009901 0.009901 0.980198
0.910891 0.000000 0.079208 0.009901
0.626263 0.010101 0.343434 0.020202
0.170000 0.230000 0.180000 0.420000
0.290000 0.280000 0.130000 0.300000
0.360000 0.230000 0.190000 0.220000
0.230000 0.290000 0.250000 0.230000
0.120000 0.430000 0.210000 0.240000


MOTIF Transfac.V$ALX4_03 Alx4

letter-probability matrix: alength= 4 w= 17 nsites= 101
0.158416 0.584158 0.148515 0.108911
0.100000 0.240000 0.560000 0.100000
0.190000 0.440000 0.160000 0.210000
0.400000 0.150000 0.290000 0.160000
0.020202 0.343434 0.010101 0.626263
0.009901 0.079208 0.000000 0.910891
0.980198 0.009901 0.009901 0.000000
0.980000 0.000000 0.010000 0.010000
0.010000 0.010000 0.000000 0.980000
0.000000 0.009901 0.009901 0.980198
0.910891 0.000000 0.079208 0.009901
0.626263 0.010101 0.343434 0.020202
0.170000 0.230000 0.180000 0.420000
0.290000 0.280000 0.130000 0.300000
0.360000 0.230000 0.190000 0.220000
0.230000 0.290000 0.250000 0.230000
0.120000 0.430000 0.210000 0.240000


MOTIF Transfac.V$ALX4_05 ALX4

letter-probability matrix: alength= 4 w= 13 nsites= 10774
0.267681 0.357899 0.144050 0.230369
0.150561 0.088436 0.018941 0.742062
0.829791 0.018022 0.075246 0.076941
0.989893 0.003859 0.004594 0.001654
0.062258 0.214055 0.027153 0.696535
0.051610 0.378790 0.102042 0.467557
0.295712 0.268331 0.172174 0.263783
0.623535 0.134835 0.201946 0.039684
0.838183 0.048856 0.080753 0.032208
0.003468 0.011226 0.002008 0.983298
0.125077 0.123984 0.015362 0.735577
0.843762 0.024826 0.042838 0.088574
0.315545 0.294107 0.195360 0.194988


MOTIF Transfac.V$ALX4_06 Alx4

letter-probability matrix: alength= 4 w= 13 nsites= 12435
0.303739 0.291435 0.170406 0.234419
0.180029 0.064232 0.016177 0.739562
0.847129 0.012194 0.074256 0.066421
0.994323 0.001839 0.002639 0.001199
0.057650 0.153671 0.022789 0.765891
0.053021 0.332633 0.103871 0.510475
0.335263 0.227423 0.170004 0.267310
0.637090 0.117312 0.205161 0.040436
0.869337 0.032299 0.071588 0.026776
0.001596 0.005108 0.000878 0.992418
0.116967 0.111526 0.011189 0.760318
0.850896 0.014643 0.038525 0.095935
0.346039 0.259509 0.193567 0.200885


MOTIF Transfac.V$AML1_Q4 AML1

letter-probability matrix: alength= 4 w= 7 nsites= 22
0.045455 0.000000 0.045455 0.909091
0.000000 0.000000 1.000000 0.000000
0.000000 0.090909 0.000000 0.909091
0.000000 0.000000 1.000000 0.000000
0.000000 0.000000 1.000000 0.000000
0.000000 0.000000 0.090909 0.909091
0.045455 0.136364 0.318182 0.500000


MOTIF Transfac.V$AML1_Q5 AML1

letter-probability matrix: alength= 4 w= 6 nsites= 46
0.043478 0.043478 0.021739 0.891304
0.000000 0.021739 0.978261 0.000000
0.043478 0.130435 0.021739 0.804348
0.000000 0.000000 1.000000 0.000000
0.000000 0.000000 1.000000 0.000000
0.000000 0.043478 0.086957 0.869565


MOTIF Transfac.V$AML1_Q6 AML1

letter-probability matrix: alength= 4 w= 6 nsites= 9
0.000000 0.000000 0.000000 1.000000
0.000000 0.000000 1.000000 0.000000
0.000000 0.000000 0.000000 1.000000
0.000000 0.000000 1.000000 0.000000
0.000000 0.000000 1.000000 0.000000
0.000000 0.000000 0.111111 0.888889


MOTIF Transfac.V$AML2_01 AML2

letter-probability matrix: alength= 4 w= 8 nsites= 674
0.673591 0.056380 0.077151 0.192878
0.947808 0.025052 0.010438 0.016701
0.021459 0.974249 0.000000 0.004292
0.057143 0.926531 0.016327 0.000000
0.459839 0.066265 0.455823 0.018072
0.000000 0.995614 0.004386 0.000000
0.749175 0.135314 0.033003 0.082508
0.571788 0.280856 0.133501 0.013854


MOTIF Transfac.V$AML2_Q3 AML2

letter-probability matrix: alength= 4 w= 8 nsites= 11
0.000000 1.000000 0.000000 0.000000
0.000000 0.909091 0.000000 0.090909
0.545455 0.000000 0.272727 0.181818
0.181818 0.636364 0.090909 0.090909
0.909091 0.090909 0.000000 0.000000
0.090909 0.636364 0.090909 0.181818
0.000000 1.000000 0.000000 0.000000
0.636364 0.272727 0.090909 0.000000


MOTIF Transfac.V$AML2_Q3_01 AML2

letter-probability matrix: alength= 4 w= 11 nsites= 11
0.000000 1.000000 0.000000 0.000000
0.000000 0.909091 0.000000 0.090909
0.545455 0.000000 0.272727 0.181818
0.181818 0.636364 0.090909 0.090909
0.909091 0.090909 0.000000 0.000000
0.090909 0.636364 0.090909 0.181818
0.000000 1.000000 0.000000 0.000000
0.636364 0.272727 0.090909 0.000000
0.090909 0.363636 0.090909 0.454545
0.363636 0.000000 0.363636 0.272727
0.181818 0.090909 0.454545 0.272727


MOTIF Transfac.V$AML3_Q6 AML3

letter-probability matrix: alength= 4 w= 8 nsites= 79
0.544304 0.189873 0.177215 0.088608
0.822785 0.088608 0.063291 0.025316
0.012658 0.949367 0.012658 0.025316
0.000000 1.000000 0.000000 0.000000
0.772152 0.012658 0.126582 0.088608
0.012658 0.974684 0.012658 0.000000
0.746835 0.050633 0.063291 0.139241
0.341772 0.240506 0.265823 0.151899


MOTIF Transfac.V$AP1FJ_Q2 AP-1

letter-probability matrix: alength= 4 w= 11 nsites= 17
0.352941 0.117647 0.470588 0.058824
0.176471 0.294118 0.529412 0.000000
0.000000 0.000000 0.000000 1.000000
0.000000 0.000000 1.000000 0.000000
1.000000 0.000000 0.000000 0.000000
0.000000 0.941176 0.000000 0.058824
0.176471 0.117647 0.176471 0.529412
0.235294 0.411765 0.117647 0.235294
0.529412 0.352941 0.058824 0.058824
0.235294 0.176471 0.411765 0.176471
0.352941 0.176471 0.058824 0.411765


MOTIF Transfac.V$AP1_01 AP-1

letter-probability matrix: alength= 4 w= 13 nsites= 47
0.127660 0.319149 0.404255 0.148936
0.297872 0.255319 0.276596 0.170213
0.404255 0.063830 0.340426 0.191489
0.085106 0.042553 0.106383 0.765957
0.085106 0.042553 0.702128 0.170213
0.765957 0.085106 0.042553 0.106383
0.063830 0.276596 0.617021 0.042553
0.000000 0.000000 0.000000 1.000000
0.042553 0.936170 0.000000 0.021277
1.000000 0.000000 0.000000 0.000000
0.042553 0.170213 0.510638 0.276596
0.212766 0.510638 0.106383 0.170213
0.319149 0.255319 0.234043 0.191489


MOTIF Transfac.V$AP1_02 AP1

letter-probability matrix: alength= 4 w= 7 nsites= 18
0.000000 0.055556 0.000000 0.944444
0.000000 0.000000 0.833333 0.166667
0.888889 0.111111 0.000000 0.000000
0.277778 0.666667 0.055556 0.000000
0.166667 0.000000 0.055556 0.777778
0.000000 0.833333 0.166667 0.000000
0.888889 0.000000 0.055556 0.055556


MOTIF Transfac.V$AP1_C AP-1

letter-probability matrix: alength= 4 w= 9 nsites= 11
0.418341 0.200873 0.267249 0.113537
0.000000 0.000000 0.000000 1.000000
0.000000 0.000000 0.809053 0.190947
0.928395 0.000000 0.000000 0.071605
0.105350 0.387654 0.506996 0.000000
0.000000 0.000000 0.000000 1.000000
0.120066 0.879934 0.000000 0.000000
1.000000 0.000000 0.000000 0.000000
0.087341 0.119725 0.579980 0.212954


MOTIF Transfac.V$AP1_Q2 AP-1

letter-probability matrix: alength= 4 w= 11 nsites= 14
0.428571 0.071429 0.500000 0.000000
0.214286 0.357143 0.428571 0.000000
0.000000 0.000000 0.000000 1.000000
0.000000 0.000000 1.000000 0.000000
1.000000 0.000000 0.000000 0.000000
0.000000 0.928571 0.000000 0.071429
0.142857 0.071429 0.142857 0.642857
0.285714 0.428571 0.142857 0.142857
0.571429 0.285714 0.071429 0.071429
0.142857 0.142857 0.500000 0.214286
0.428571 0.071429 0.071429 0.428571


MOTIF Transfac.V$AP1_Q2_01 AP-1

letter-probability matrix: alength= 4 w= 12 nsites= 46
0.000000 0.000000 0.000000 1.000000
0.000000 0.000000 0.934783 0.065217
1.000000 0.000000 0.000000 0.000000
0.043478 0.782609 0.108696 0.065217
0.173913 0.130435 0.130435 0.565217
0.130435 0.565217 0.065217 0.239130
0.695652 0.152174 0.065217 0.086957
0.282609 0.239130 0.195652 0.282609
0.239130 0.195652 0.304348 0.260870
0.043478 0.304348 0.478261 0.173913
0.108696 0.108696 0.391304 0.391304
0.173913 0.260870 0.282609 0.282609


MOTIF Transfac.V$AP1_Q4 AP-1

letter-probability matrix: alength= 4 w= 11 nsites= 23
0.434783 0.086957 0.434783 0.043478
0.217391 0.260870 0.521739 0.000000
0.000000 0.000000 0.000000 1.000000
0.000000 0.000000 1.000000 0.000000
0.956522 0.000000 0.043478 0.000000
0.000000 0.913043 0.000000 0.086957
0.086957 0.086957 0.086957 0.739130
0.391304 0.391304 0.130435 0.086957
0.695652 0.217391 0.043478 0.043478
0.130435 0.260870 0.434783 0.173913
0.260870 0.173913 0.130435 0.434783


MOTIF Transfac.V$AP1_Q4_01 AP-1

letter-probability matrix: alength= 4 w= 8 nsites= 119
0.067227 0.058824 0.159664 0.714286
0.226891 0.042017 0.546218 0.184874
0.638655 0.109244 0.109244 0.142857
0.050420 0.142857 0.722689 0.084034
0.000000 0.008403 0.000000 0.991597
0.033613 0.941176 0.008403 0.016807
0.991597 0.008403 0.000000 0.000000
0.100840 0.243697 0.252101 0.403361


MOTIF Transfac.V$AP1_Q6 AP-1

letter-probability matrix: alength= 4 w= 11 nsites= 56
0.250000 0.214286 0.410714 0.125000
0.321429 0.303571 0.321429 0.053571
0.000000 0.000000 0.000000 1.000000
0.000000 0.000000 1.000000 0.000000
0.982143 0.017857 0.000000 0.000000
0.053571 0.785714 0.089286 0.071429
0.071429 0.089286 0.125000 0.714286
0.232143 0.535714 0.089286 0.142857
0.678571 0.178571 0.089286 0.053571
0.196429 0.232143 0.321429 0.250000
0.196429 0.267857 0.178571 0.357143


MOTIF Transfac.V$AP1_Q6_01 AP-1

letter-probability matrix: alength= 4 w= 9 nsites= 130
0.407692 0.223077 0.269231 0.100000
0.000000 0.000000 0.007692 0.992308
0.007692 0.007692 0.953846 0.030769
0.992308 0.000000 0.007692 0.000000
0.053846 0.715385 0.123077 0.107692
0.146154 0.115385 0.107692 0.630769
0.200000 0.546154 0.038462 0.215385
0.700000 0.176923 0.053846 0.069231
0.292308 0.184615 0.269231 0.253846


MOTIF Transfac.V$AP1_Q6_02 AP-1

letter-probability matrix: alength= 4 w= 8 nsites= 293
0.000000 0.000000 0.020478 0.979522
0.006826 0.006826 0.979522 0.006826
0.948805 0.010239 0.010239 0.030717
0.020478 0.706485 0.102389 0.170648
0.065068 0.078767 0.061644 0.794521
0.191781 0.623288 0.095890 0.089041
0.705479 0.171233 0.061644 0.061644
0.203509 0.242105 0.263158 0.291228


MOTIF Transfac.V$AP2ALPHA_01 AP-2alpha

letter-probability matrix: alength= 4 w= 9 nsites= 185
0.000000 0.000000 1.000000 0.000000
0.000000 1.000000 0.000000 0.000000
0.000000 1.000000 0.000000 0.000000
0.118919 0.383784 0.248649 0.248649
0.102703 0.308108 0.329730 0.259459
0.297297 0.237838 0.362162 0.102703
0.286486 0.162162 0.491892 0.059459
0.102703 0.086486 0.740541 0.070270
0.048649 0.421622 0.427027 0.102703


MOTIF Transfac.V$AP2ALPHA_Q6 AP-2alpha

letter-probability matrix: alength= 4 w= 11 nsites= 120
0.283333 0.283333 0.225000 0.208333
0.007752 0.069767 0.899225 0.023256
0.000000 1.000000 0.000000 0.000000
0.000000 1.000000 0.000000 0.000000
0.046512 0.472868 0.100775 0.379845
0.046512 0.503876 0.341085 0.108527
0.178295 0.449612 0.279070 0.093023
0.217054 0.240310 0.434109 0.108527
0.116279 0.147287 0.651163 0.085271
0.109375 0.476562 0.359375 0.054688
0.129032 0.395161 0.306452 0.169355


MOTIF Transfac.V$AP2GAMMA_Q5 AP-2

letter-probability matrix: alength= 4 w= 7 nsites= 20
0.250000 0.250000 0.150000 0.350000
0.350000 0.100000 0.200000 0.350000
0.000000 0.090909 0.909091 0.000000
0.000000 1.000000 0.000000 0.000000
0.000000 1.000000 0.000000 0.000000
0.000000 0.318182 0.045455 0.636364
0.090909 0.136364 0.500000 0.272727


MOTIF Transfac.V$AP2REP_01 AP-2rep

letter-probability matrix: alength= 4 w= 7 nsites= 11
0.181818 0.727273 0.000000 0.090909
0.636364 0.181818 0.000000 0.181818
0.090909 0.090909 0.818182 0.000000
0.000000 0.181818 0.000000 0.818182
0.181818 0.090909 0.636364 0.090909
0.090909 0.090909 0.636364 0.181818
0.181818 0.090909 0.545455 0.181818


MOTIF Transfac.V$AP2_Q3 AP-2

letter-probability matrix: alength= 4 w= 16 nsites= 17
0.176471 0.235294 0.588235 0.000000
0.000000 0.470588 0.352941 0.176471
0.000000 1.000000 0.000000 0.000000
0.117647 0.588235 0.235294 0.058824
0.000000 0.470588 0.411765 0.117647
0.117647 0.705882 0.000000 0.176471
0.470588 0.058824 0.470588 0.000000
0.176471 0.058824 0.764706 0.000000
0.000000 0.117647 0.882353 0.000000
0.000000 0.941176 0.058824 0.000000
0.176471 0.117647 0.411765 0.294118
0.352941 0.000000 0.529412 0.117647
0.352941 0.176471 0.176471 0.294118
0.352941 0.058824 0.588235 0.000000
0.235294 0.235294 0.352941 0.176471
0.176471 0.294118 0.352941 0.176471


MOTIF Transfac.V$AP2_Q6 AP-2

letter-probability matrix: alength= 4 w= 12 nsites= 13
0.307692 0.461538 0.230769 0.000000
0.230769 0.000000 0.461538 0.307692
0.000000 0.846154 0.000000 0.153846
0.000000 1.000000 0.000000 0.000000
0.000000 0.923077 0.000000 0.076923
0.153846 0.384615 0.461538 0.000000
0.153846 0.615385 0.230769 0.000000
0.307692 0.384615 0.230769 0.076923
0.076923 0.076923 0.769231 0.076923
0.153846 0.153846 0.692308 0.000000
0.230769 0.692308 0.076923 0.000000
0.076923 0.230769 0.615385 0.076923


MOTIF Transfac.V$AP2_Q6_01 AP-2

letter-probability matrix: alength= 4 w= 13 nsites= 24
0.000000 0.500000 0.333333 0.166667
0.208333 0.333333 0.333333 0.125000
0.083333 0.333333 0.416667 0.166667
0.041667 0.416667 0.291667 0.250000
0.000000 0.916667 0.041667 0.041667
0.083333 0.833333 0.041667 0.041667
0.083333 0.416667 0.291667 0.208333
0.041667 0.750000 0.166667 0.041667
0.500000 0.208333 0.208333 0.083333
0.000000 0.041667 0.958333 0.000000
0.000000 0.083333 0.916667 0.000000
0.000000 0.916667 0.083333 0.000000
0.125000 0.333333 0.291667 0.250000


MOTIF Transfac.V$AP4_01 AP-4

letter-probability matrix: alength= 4 w= 18 nsites= 5
0.600000 0.000000 0.000000 0.400000
0.200000 0.200000 0.600000 0.000000
0.600000 0.200000 0.200000 0.000000
0.400000 0.200000 0.400000 0.000000
0.200000 0.400000 0.000000 0.400000
0.000000 1.000000 0.000000 0.000000
1.000000 0.000000 0.000000 0.000000
0.000000 0.000000 1.000000 0.000000
0.000000 1.000000 0.000000 0.000000
0.000000 0.000000 0.200000 0.800000
0.000000 0.200000 0.800000 0.000000
0.000000 0.400000 0.200000 0.400000
0.200000 0.000000 0.600000 0.200000
0.000000 0.000000 1.000000 0.000000
0.200000 0.200000 0.200000 0.400000
0.200000 0.800000 0.000000 0.000000
0.400000 0.200000 0.200000 0.200000
0.000000 0.000000 0.600000 0.400000


MOTIF Transfac.V$AP4_Q5 AP-4

letter-probability matrix: alength= 4 w= 10 nsites= 7
0.285714 0.428571 0.285714 0.000000
0.285714 0.000000 0.285714 0.428571
0.000000 1.000000 0.000000 0.000000
1.000000 0.000000 0.000000 0.000000
0.000000 0.000000 1.000000 0.000000
0.000000 1.000000 0.000000 0.000000
0.142857 0.000000 0.142857 0.714286
0.000000 0.285714 0.714286 0.000000
0.142857 0.142857 0.428571 0.285714
0.142857 0.142857 0.285714 0.428571


MOTIF Transfac.V$AP4_Q6 AP-4

letter-probability matrix: alength= 4 w= 10 nsites= 5
0.200000 0.600000 0.200000 0.000000
0.400000 0.000000 0.200000 0.400000
0.000000 1.000000 0.000000 0.000000
1.000000 0.000000 0.000000 0.000000
0.000000 0.000000 1.000000 0.000000
0.000000 1.000000 0.000000 0.000000
0.000000 0.000000 0.200000 0.800000
0.000000 0.200000 0.800000 0.000000
0.000000 0.200000 0.600000 0.200000
0.200000 0.200000 0.200000 0.400000


MOTIF Transfac.V$AP4_Q6_01 AP-4

letter-probability matrix: alength= 4 w= 9 nsites= 7
0.428571 0.142857 0.428571 0.000000
0.285714 0.428571 0.142857 0.142857
0.000000 0.857143 0.142857 0.000000
0.714286 0.142857 0.000000 0.142857
0.000000 0.142857 0.857143 0.000000
0.142857 0.714286 0.142857 0.000000
0.000000 0.000000 0.000000 1.000000
0.000000 0.000000 1.000000 0.000000
0.142857 0.571429 0.000000 0.285714


MOTIF Transfac.V$AP4_Q6_02 AP-4

letter-probability matrix: alength= 4 w= 13 nsites= 15
0.266667 0.400000 0.133333 0.200000
0.000000 1.000000 0.000000 0.000000
0.933333 0.000000 0.000000 0.066667
0.066667 0.133333 0.800000 0.000000
0.066667 0.800000 0.133333 0.000000
0.066667 0.000000 0.133333 0.800000
0.066667 0.200000 0.666667 0.066667
0.066667 0.466667 0.133333 0.333333
0.200000 0.133333 0.466667 0.200000
0.066667 0.200000 0.600000 0.133333
0.133333 0.333333 0.333333 0.200000
0.200000 0.666667 0.133333 0.000000
0.333333 0.200000 0.266667 0.200000


MOTIF Transfac.V$AREB6_01 AREB6

letter-probability matrix: alength= 4 w= 13 nsites= 12
0.250000 0.250000 0.166667 0.333333
0.416667 0.250000 0.083333 0.250000
0.000000 0.500000 0.083333 0.416667
0.166667 0.083333 0.250000 0.500000
0.083333 0.333333 0.000000 0.583333
1.000000 0.000000 0.000000 0.000000
0.000000 1.000000 0.000000 0.000000
0.000000 1.000000 0.000000 0.000000
0.000000 0.000000 0.000000 1.000000
0.000000 0.000000 1.000000 0.000000
0.333333 0.083333 0.083333 0.500000
0.250000 0.250000 0.500000 0.000000
0.083333 0.250000 0.083333 0.583333


MOTIF Transfac.V$AREB6_02 AREB6

letter-probability matrix: alength= 4 w= 12 nsites= 17
0.411765 0.117647 0.117647 0.352941
0.235294 0.294118 0.117647 0.352941
0.352941 0.117647 0.058824 0.470588
0.000000 1.000000 0.000000 0.000000
1.000000 0.000000 0.000000 0.000000
0.000000 1.000000 0.000000 0.000000
0.000000 1.000000 0.000000 0.000000
0.000000 0.000000 0.000000 1.000000
0.117647 0.117647 0.529412 0.235294
0.294118 0.117647 0.058824 0.529412
0.352941 0.235294 0.176471 0.235294
0.176471 0.470588 0.176471 0.176471


MOTIF Transfac.V$AREB6_03 AREB6

letter-probability matrix: alength= 4 w= 12 nsites= 12
0.250000 0.416667 0.333333 0.000000
0.083333 0.333333 0.166667 0.416667
0.416667 0.000000 0.583333 0.000000
0.000000 1.000000 0.000000 0.000000
1.000000 0.000000 0.000000 0.000000
0.000000 0.916667 0.000000 0.083333
0.000000 0.916667 0.083333 0.000000
0.000000 0.000000 0.000000 1.000000
0.000000 0.000000 1.000000 0.000000
0.000000 0.083333 0.416667 0.500000
0.250000 0.083333 0.416667 0.250000
0.250000 0.500000 0.166667 0.083333


MOTIF Transfac.V$AREB6_04 AREB6

letter-probability matrix: alength= 4 w= 9 nsites= 12
0.250000 0.500000 0.166667 0.083333
0.000000 0.250000 0.333333 0.416667
0.000000 0.000000 1.000000 0.000000
0.000000 0.000000 0.000000 1.000000
0.000000 0.000000 0.000000 1.000000
0.000000 0.000000 0.000000 1.000000
0.000000 0.583333 0.416667 0.000000
0.333333 0.166667 0.166667 0.333333
0.250000 0.166667 0.333333 0.250000


MOTIF Transfac.V$ARID3A_02 Arid3a

letter-probability matrix: alength= 4 w= 15 nsites= 100
0.310000 0.280000 0.160000 0.250000
0.250000 0.300000 0.220000 0.230000
0.257426 0.336634 0.247525 0.158416
0.270000 0.340000 0.330000 0.060000
0.373737 0.151515 0.393939 0.080808
0.070000 0.190000 0.160000 0.580000
0.810000 0.070000 0.100000 0.020000
0.040000 0.170000 0.100000 0.690000
0.180000 0.580000 0.210000 0.030000
0.505051 0.070707 0.252525 0.171717
0.350000 0.100000 0.270000 0.280000
0.440000 0.210000 0.250000 0.100000
0.247525 0.089109 0.178218 0.485149
0.220000 0.320000 0.120000 0.340000
0.200000 0.100000 0.330000 0.370000


MOTIF Transfac.V$ARID5A_03 Arid5a

letter-probability matrix: alength= 4 w= 14 nsites= 101
0.178218 0.425743 0.227723 0.168317
0.161616 0.323232 0.030303 0.484848
0.850000 0.030000 0.070000 0.050000
0.969697 0.000000 0.010101 0.020202
0.060000 0.000000 0.010000 0.930000
0.920792 0.009901 0.009901 0.059406
0.020000 0.010000 0.010000 0.960000
0.040000 0.090000 0.040000 0.830000
0.230000 0.030000 0.520000 0.220000
0.343434 0.353535 0.181818 0.121212
0.290000 0.130000 0.270000 0.310000
0.570000 0.080000 0.190000 0.160000
0.290000 0.180000 0.260000 0.270000
0.343434 0.232323 0.151515 0.272727


MOTIF Transfac.V$ARID5A_04 Arid5a

letter-probability matrix: alength= 4 w= 17 nsites= 99
0.171717 0.303030 0.272727 0.252525
0.300000 0.170000 0.300000 0.230000
0.140000 0.270000 0.090000 0.500000
0.282828 0.191919 0.252525 0.272727
0.282828 0.363636 0.181818 0.171717
0.670000 0.060000 0.060000 0.210000
0.838384 0.070707 0.050505 0.040404
0.040000 0.050000 0.100000 0.810000
0.780000 0.120000 0.060000 0.040000
0.090000 0.740000 0.150000 0.020000
0.120000 0.180000 0.690000 0.010000
0.535354 0.060606 0.262626 0.141414
0.405941 0.099010 0.287129 0.207921
0.430000 0.140000 0.190000 0.240000
0.150000 0.280000 0.250000 0.320000
0.350000 0.200000 0.280000 0.170000
0.444444 0.212121 0.212121 0.131313


MOTIF Transfac.V$ARNTL_01 ARNTL

letter-probability matrix: alength= 4 w= 10 nsites= 1596
0.045739 0.010025 0.932331 0.011905
0.016312 0.000000 0.067376 0.916312
0.004213 0.988764 0.001404 0.005618
0.981651 0.000000 0.018349 0.000000
0.000000 0.987252 0.011331 0.001416
0.000000 0.000000 0.997620 0.002380
0.000000 0.000000 0.002317 0.997683
0.000000 0.000000 0.996464 0.003536
0.959920 0.020040 0.013026 0.007014
0.013210 0.875826 0.026420 0.084544


MOTIF Transfac.V$ARNT_01 Arnt

letter-probability matrix: alength= 4 w= 16 nsites= 101
0.247525 0.128713 0.495050 0.128713
0.300000 0.000000 0.300000 0.400000
0.330000 0.000000 0.250000 0.420000
0.330000 0.080000 0.420000 0.170000
0.168317 0.168317 0.247525 0.415842
0.200000 0.800000 0.000000 0.000000
0.950000 0.000000 0.050000 0.000000
0.000000 1.000000 0.000000 0.000000
0.000000 0.000000 1.000000 0.000000
0.000000 0.000000 0.000000 1.000000
0.000000 0.000000 1.000000 0.000000
0.237624 0.346535 0.237624 0.178218
0.140000 0.360000 0.140000 0.360000
0.168317 0.415842 0.247525 0.168317
0.100000 0.200000 0.400000 0.300000
0.128713 0.376238 0.247525 0.247525


MOTIF Transfac.V$ARNT_02 Arnt

letter-probability matrix: alength= 4 w= 20 nsites= 42
0.166667 0.380952 0.333333 0.119048
0.333333 0.309524 0.285714 0.071429
0.333333 0.190476 0.261905 0.214286
0.333333 0.285714 0.190476 0.190476
0.238095 0.166667 0.357143 0.238095
0.357143 0.119048 0.452381 0.071429
0.142857 0.000000 0.190476 0.666667
0.000000 1.000000 0.000000 0.000000
1.000000 0.000000 0.000000 0.000000
0.000000 1.000000 0.000000 0.000000
0.000000 0.000000 1.000000 0.000000
0.000000 0.000000 0.000000 1.000000
0.000000 0.000000 1.000000 0.000000
0.666667 0.190476 0.000000 0.142857
0.071429 0.452381 0.119048 0.357143
0.238095 0.357143 0.166667 0.238095
0.190476 0.190476 0.285714 0.333333
0.214286 0.261905 0.190476 0.333333
0.071429 0.285714 0.309524 0.333333
0.119048 0.333333 0.380952 0.166667


MOTIF Transfac.V$ARNT_Q6 arnt

letter-probability matrix: alength= 4 w= 6 nsites= 11
0.000000 1.000000 0.000000 0.000000
0.909091 0.090909 0.000000 0.000000
0.000000 1.000000 0.000000 0.000000
0.090909 0.000000 0.818182 0.090909
0.000000 0.363636 0.090909 0.545455
0.727273 0.090909 0.181818 0.000000


MOTIF Transfac.V$ARX_01 Arx

letter-probability matrix: alength= 4 w= 17 nsites= 20
0.240000 0.220000 0.400000 0.140000
0.130000 0.160000 0.190000 0.520000
0.158416 0.366337 0.287129 0.188119
0.217822 0.554455 0.128713 0.099010
0.495050 0.059406 0.376238 0.069307
0.010000 0.380000 0.010000 0.600000
0.010000 0.130000 0.000000 0.860000
0.989899 0.000000 0.000000 0.010101
0.980198 0.000000 0.009901 0.009901
0.009901 0.009901 0.000000 0.980198
0.010101 0.000000 0.000000 0.989899
0.860000 0.000000 0.130000 0.010000
0.600000 0.010000 0.380000 0.010000
0.160000 0.160000 0.140000 0.540000
0.180000 0.110000 0.440000 0.270000
0.090000 0.360000 0.370000 0.180000
0.530000 0.100000 0.070000 0.300000


MOTIF Transfac.V$ARX_02 Arx

letter-probability matrix: alength= 4 w= 17 nsites= 100
0.240000 0.220000 0.400000 0.140000
0.130000 0.160000 0.190000 0.520000
0.158416 0.366337 0.287129 0.188119
0.217822 0.554455 0.128713 0.099010
0.495050 0.059406 0.376238 0.069307
0.010000 0.380000 0.010000 0.600000
0.010000 0.130000 0.000000 0.860000
0.989899 0.000000 0.000000 0.010101
0.980198 0.000000 0.009901 0.009901
0.009901 0.009901 0.000000 0.980198
0.010101 0.000000 0.000000 0.989899
0.860000 0.000000 0.130000 0.010000
0.600000 0.010000 0.380000 0.010000
0.160000 0.160000 0.140000 0.540000
0.180000 0.110000 0.440000 0.270000
0.090000 0.360000 0.370000 0.180000
0.530000 0.100000 0.070000 0.300000


MOTIF Transfac.V$ARX_03 ARX

letter-probability matrix: alength= 4 w= 13 nsites= 7469
0.264560 0.275137 0.173383 0.286919
0.150036 0.052128 0.020601 0.777234
0.860698 0.010831 0.063832 0.064639
0.980701 0.004858 0.010503 0.003939
0.059676 0.100216 0.032541 0.807568
0.036795 0.297448 0.076677 0.589080
0.358549 0.175392 0.195475 0.270585
0.665073 0.064730 0.250582 0.019615
0.867193 0.025656 0.078477 0.028674
0.009181 0.018492 0.006336 0.965990
0.118970 0.079664 0.016290 0.785076
0.867596 0.014170 0.034495 0.083740
0.408032 0.178447 0.247523 0.165997


MOTIF Transfac.V$ARX_04 Arx

letter-probability matrix: alength= 4 w= 13 nsites= 9159
0.268479 0.274375 0.185828 0.271318
0.148177 0.044462 0.019608 0.787754
0.879416 0.008449 0.052227 0.059908
0.987388 0.002587 0.006899 0.003126
0.047719 0.093248 0.023266 0.835766
0.031888 0.283784 0.077581 0.606747
0.374017 0.176092 0.198581 0.251310
0.674528 0.060217 0.244681 0.020574
0.892179 0.018408 0.071296 0.018116
0.003439 0.009241 0.003009 0.984311
0.116690 0.068754 0.013296 0.801260
0.881702 0.013861 0.032053 0.072384
0.403821 0.181550 0.247052 0.167576


MOTIF Transfac.V$AR_01 AR

letter-probability matrix: alength= 4 w= 15 nsites= 29
0.172414 0.034483 0.724138 0.068966
0.000000 0.000000 0.965517 0.034483
0.275862 0.034483 0.137931 0.551724
0.827586 0.034483 0.000000 0.137931
0.000000 1.000000 0.000000 0.000000
0.655172 0.034483 0.275862 0.034483
0.172414 0.241379 0.344828 0.241379
0.206897 0.206897 0.379310 0.206897
0.310345 0.103448 0.448276 0.137931
0.103448 0.172414 0.000000 0.724138
0.000000 0.000000 1.000000 0.000000
0.034483 0.000000 0.034483 0.931034
0.137931 0.103448 0.206897 0.551724
0.068966 0.931034 0.000000 0.000000
0.034483 0.275862 0.034483 0.655172


MOTIF Transfac.V$AR_02 AR

letter-probability matrix: alength= 4 w= 27 nsites= 51
0.215686 0.274510 0.274510 0.235294
0.176471 0.137255 0.392157 0.294118
0.176471 0.176471 0.333333 0.313725
0.176471 0.078431 0.509804 0.235294
0.333333 0.254902 0.235294 0.176471
0.333333 0.058824 0.450980 0.156863
0.294118 0.019608 0.568627 0.117647
0.019608 0.019608 0.882353 0.078431
0.215686 0.098039 0.215686 0.470588
0.882353 0.039216 0.000000 0.078431
0.019608 0.980392 0.000000 0.000000
0.666667 0.000000 0.313725 0.019608
0.156863 0.274510 0.215686 0.352941
0.235294 0.215686 0.235294 0.313725
0.039216 0.078431 0.647059 0.235294
0.000000 0.000000 0.000000 1.000000
0.000000 0.000000 1.000000 0.000000
0.000000 0.000000 0.000000 1.000000
0.000000 0.000000 0.000000 1.000000
0.000000 1.000000 0.000000 0.000000
0.000000 0.000000 0.000000 1.000000
0.137255 0.156863 0.254902 0.450980
0.156863 0.098039 0.431373 0.313725
0.235294 0.176471 0.254902 0.333333
0.196078 0.176471 0.313725 0.313725
0.176471 0.294118 0.254902 0.274510
0.254902 0.235294 0.274510 0.235294


MOTIF Transfac.V$AR_03 AR

letter-probability matrix: alength= 4 w= 27 nsites= 52
0.326923 0.153846 0.307692 0.211538
0.134615 0.250000 0.423077 0.192308
0.211538 0.211538 0.307692 0.269231
0.250000 0.173077 0.288462 0.288462
0.307692 0.096154 0.365385 0.230769
0.365385 0.096154 0.288462 0.250000
0.326923 0.019231 0.538462 0.115385
0.038462 0.000000 0.923077 0.038462
0.326923 0.057692 0.192308 0.423077
0.807692 0.000000 0.134615 0.057692
0.000000 0.884615 0.057692 0.057692
0.423077 0.057692 0.403846 0.115385
0.115385 0.461538 0.153846 0.269231
0.288462 0.173077 0.326923 0.211538
0.115385 0.211538 0.576923 0.096154
0.000000 0.000000 0.000000 1.000000
0.000000 0.000000 1.000000 0.000000
0.000000 0.000000 0.000000 1.000000
0.000000 0.000000 0.000000 1.000000
0.000000 1.000000 0.000000 0.000000
0.000000 0.000000 0.000000 1.000000
0.173077 0.211538 0.211538 0.403846
0.230769 0.076923 0.307692 0.384615
0.211538 0.211538 0.269231 0.307692
0.153846 0.096154 0.384615 0.365385
0.153846 0.211538 0.365385 0.269231
0.250000 0.230769 0.288462 0.230769


MOTIF Transfac.V$AR_04 AR

letter-probability matrix: alength= 4 w= 15 nsites= 24
0.125000 0.041667 0.791667 0.041667
0.000000 0.000000 0.958333 0.041667
0.333333 0.166667 0.166667 0.333333
0.750000 0.083333 0.000000 0.166667
0.000000 1.000000 0.000000 0.000000
0.541667 0.041667 0.333333 0.083333
0.125000 0.250000 0.333333 0.291667
0.291667 0.125000 0.416667 0.166667
0.333333 0.125000 0.500000 0.041667
0.083333 0.208333 0.000000 0.708333
0.000000 0.000000 1.000000 0.000000
0.041667 0.000000 0.000000 0.958333
0.333333 0.083333 0.125000 0.458333
0.083333 0.916667 0.000000 0.000000
0.083333 0.166667 0.041667 0.708333


MOTIF Transfac.V$AR_08 AR

letter-probability matrix: alength= 4 w= 17 nsites= 3102
0.352676 0.053836 0.501289 0.092199
0.293805 0.005319 0.694931 0.005945
0.002077 0.000000 0.996365 0.001558
0.443498 0.107818 0.068173 0.380511
0.994949 0.002296 0.001377 0.001377
0.001818 0.995000 0.002273 0.000909
0.867884 0.008692 0.118644 0.004781
0.080665 0.497771 0.132955 0.288610
0.209955 0.228668 0.370883 0.190494
0.261698 0.086655 0.579896 0.071750
0.011591 0.097295 0.002810 0.888303
0.000000 0.001104 0.998620 0.000276
0.007874 0.001432 0.000000 0.990694
0.454200 0.042569 0.087419 0.415811
0.003210 0.993122 0.000000 0.003668
0.013306 0.641164 0.000832 0.344699
0.154788 0.393089 0.123470 0.328654


MOTIF Transfac.V$AR_09 Ar

letter-probability matrix: alength= 4 w= 17 nsites= 17620
0.259535 0.140465 0.332293 0.267707
0.344375 0.008225 0.599638 0.047763
0.000000 0.000000 0.969259 0.030741
0.204553 0.136257 0.074099 0.585091
0.973398 0.000000 0.003031 0.023572
0.000000 0.995002 0.000000 0.004998
0.700736 0.000000 0.247300 0.051964
0.059751 0.398380 0.176340 0.365529
0.160382 0.200478 0.389662 0.249477
0.298796 0.098658 0.501123 0.101423
0.028943 0.168158 0.002964 0.799935
0.000598 0.000000 0.999402 0.000000
0.016322 0.000000 0.003451 0.980227
0.533218 0.054261 0.161506 0.251015
0.044391 0.948817 0.002426 0.004366
0.049348 0.568302 0.026863 0.355487
0.212594 0.222216 0.291278 0.273913


MOTIF Transfac.V$AR_Q2 AR

letter-probability matrix: alength= 4 w= 15 nsites= 7
0.857143 0.000000 0.142857 0.000000
0.142857 0.000000 0.857143 0.000000
0.428571 0.000000 0.000000 0.571429
0.714286 0.000000 0.285714 0.000000
0.000000 0.714286 0.285714 0.000000
0.571429 0.142857 0.142857 0.142857
0.000000 0.142857 0.142857 0.714286
0.142857 0.142857 0.428571 0.285714
0.428571 0.142857 0.000000 0.428571
0.285714 0.000000 0.000000 0.714286
0.000000 0.000000 1.000000 0.000000
0.000000 0.000000 0.000000 1.000000
0.285714 0.000000 0.000000 0.714286
0.000000 1.000000 0.000000 0.000000
0.142857 0.000000 0.000000 0.857143


MOTIF Transfac.V$AR_Q6 AR

letter-probability matrix: alength= 4 w= 9 nsites= 30
0.366667 0.066667 0.133333 0.433333
